3583188792
3091069431
3712650394
3455547830
3365639552
3227899731
3360193336
3675161520
3071209915
3331937749
3145781680
3286182665
3310240982
3663857931
3535803756
3361842183
3226680626
3252379913
3262920150
3072610663
3248842358
3330894823
3084697233
3347418203
3445829396
3644957684
3087543130
3555615746
3223525974
3691959849
3251914993
3610993599
3251593033
3198066058
3070231528
3752738126
3580412151
3174524746
3451195984
3260273697
3250974096
3559330245
3683711921
3668165205
3399954774
3427624001
3423221710
3300310116
3154062503
3404397288
3214250988
3412129855
3574703644
3083632383
3456691074
3329668908
3429597811
3201834353
3764175346
3070281654
3527162200
3169214837
3217056098
3280054813
3494622986
3080846697
3681765912
3501125080
3767338754
3150912938
3073653424
3605252431
3557589803
3706700573
3604824218
3375743674
3493671818
3091942084
3215749919
3273810530
3248464092
3075687337
3392374432
3099208354
3291812593
3328612540
3378501953
3596991057
3594228942
3419539047
3723915528
3113561170
3644988698
3255751584
3786986660
3073379342
3243560785
3331345627
3613791987
3387284574
3251815259
3083573930
3073553926
3546897103
3667395128
3362719311
3101174331
3131335064
3725301249
3758071889
3363808337
3485132292
3282400800
3367623638
3734385165
3544592970
3559557611
3129406884
3733337770
3610763992
3322882927
3718926449
3375301835
3159658783
3135918205
3309934498
3666405467
3167475235
3503421526
3420276708
3228849421
3649641848
3721723096
3554293383
3267932570
3720925721
3084785318
3621274089
3381259146
3256085985
3309007201
3211676445
3231280179
3252377262
3070332866
3310260547
3273375829
3463705720
3295082384
3270937493
3398706540
3353405580
3236270292
3400290170
3344357687
3747174731
3615320619
3220221743
3373306757
3453060884
3459109250
3526817084
3199805346
3201034411
3730157359
3422599395
3325696092
3425902946
3318263833
3480564668
3347081341
3261709847
3173196031
3120465300
3361357611
3247462748
3151737696
3606121800
3480475048
3502458657
3281834374
3262558725
3719379905
3246171131
3194922441
3087521295
3376623477
3268855381
3076662784
3072150479
3072712278
3090239773
3659211427
3534202620
3265261614
3076127575
3079562247
3554531110
3739829801
3368351412
3383484740
3273910575
3075976468
3778550955
3243378527
3292773390
3169700716
3565689743
3303378356
3283238776
3472606171
3326176066
3089070637
3397783582
3490445810
3250118774
3125207714
3397749308
3170603615
3083543662
3325370910
3077639523
3126748848
3464430150
3534403561
3738689206
3472564664
3656591566
3367534981
3240966394
3244020906
3577497431
3440619332
3471190473
3349284078
3072646272
3387818506
3567816139
3480565759
3720520045
3182611588
3214940342
3418753441
3133242053
3220471698
3353505696
3199590006
3266739716
3177491488
3098731139
3444189983
3090180606
3492660421
3677018112
3077381254
3091057104
3420245755
3565534796
3104693607
3580022842
3691276759
3559375583
3492345434
3427386217
3687346212
3768239050
3215084604
3749516896
3751597087
3330692980
3184013959
3467141649
3381264138
3277173545
3701316368
3476394764
3760916358
3432667287
3370830254
3422834977
3318559672
3612847040
3324156583
3592588117
3084216893
3495926739
3361027839
3153952411
3285781300
3433035996
3295495749
3209995116
3725762233
3101279523
3561455176
3491609761
3209599928
3160547491
3310660027
3229383490
3512703303
3283167200
3358056867
3456114547
3582313204
3499962464
3434442059
3779264454
3408908971
3467218688
3297038916
3159812985
3353097518
3407901941
3694558819
3383451059
3397864348
3443889075
3469573172
3076043478
3255547370
3242876423
3075635324
3267175222
3111583269
3128321209
3171061416
3441136762
3799577772
3259318150
3277028846
3316647362
3274462953
3142876280
3404515839
3659734314
3366678704
3553979630
3500311066
3139639057
3371340033
3381572627
3162998843
3257491664
3733078281
3075014275
3100100976
3555222611
3247766438
3071483803
3552194255
3563019175
3218547242
3084219587
3706649110
3184009332
3492900445
3448333943
3078006878
3505147359
3075694806
3476450406
3330181267
3134108142
3735393415
3638904786
3462082136
3258064134
3134550710
3480319693
3561063526
3252844768
3470854774
3075946829
3315967896
3075967570
3333641272
3354454236
3685622258
3379185817
3717533305
3478450356
3722814053
3207572850
3588414134
3558923245
3217227843
3148296430
3307061089
3171881962
3378842690
3374542647
3411145443
3693202460
3357015378
3521710695
3673154394
3149203270
3484229969
3713818330
3258673372
3212196068
3272284666
3352275561
3303188199
3303191928
3710728095
3368481687
3267382742
3266019386
3208444375
3267469267
3334864881
3429593650
3264110647
3323092112
3219243688
3390192395
3573282229
3424789775
3118969371
3324696235
3444132875
3194494417
3276197721
3519985936
3123260164
3362061557
3098739829
3567890549
3418758157
3472820975
3093361377
3253200036
3410416437
3460219997
3551367156
3557375758
3683997300
3600733619
3082188705
3386114661
3293436009
3428262134
3304076935
3439001340
3124799228
3170338275
3248498691
3651583290
3669722089
3304434521
3224375193
3631771582
3105755546
3454138717
3396065042
3763862205
3590692268
3380479672
3278144490
3385381348
3239514390
3389333194
3530061480
3074987016
3564404244
3457205872
3109957993
3304371486
3501126500
3453518918
3752918613
3367711562
3101065234
3096674083
3269254804
3097124262
3267059270
3551455108
3372089032
3083693391
3345284992
3707338750
3278140812
3111525416
3381888563
3294459795
3364699616
3574053012
3742098329
3736078005
3511418043
3082185566
3784463248
3304571694
3726895370
3264302314
3416293909
3741438464
3193837246
3173139330
3083304405
3254785591
3257332702
3675256794
3144617784
3375366241
3518946563
3380544762
3299009552
3544927725
3417441634
3111585991
3491611168
3090094325
3271367553
3778930697
3468652654
3763288827
3355293896
3695136550
3769963723
3338986984
3358886836
3546294282
3364323435
3693391617
3805195902
3121052176
3623757299
3771667491
3623762877
3394112519
3578279270
3575172717
3721027849
3763220581
3686431061
3761047613
3250097441
3231500986
3334469634
3268104738
3075481229
3208765636
3732462807
3593375076
3533353080
3297059804
3813034490
3472585010
3133817890
3343829177
3608475452
3075789914
3696047611
3801041842
3639860138
3138239284
3751396729
3623730720
3687337998
3148678988
3306796313
3137495751
3456054673
3076578445
3795431710
3291775385
3558139662
3550166449
3397481545
3812028205
3559457890
3245636053
3365173481
3804527024
3360546897
3745854255
3268041581
3588461703
3263625340
3735948356
3432325232
3233851029
3386454337
3719223459
3236470566
3737991452
3319263106
3545116519
3529385819
3749296423
3576548771
3256534578
3422683946
3595683964
3692499613
3812492875
3547914817
3516464358
3801358540
3170476530
3439492135
3750735707
3343888861
3141215037
3071453239
3231216655
3306102386
3336887881
3730398639
3138193816
3410639236
3744296747
3558797550
3672543876
3302617978
3476358120
3559650243
3559728491
3204450701
3752875828
3765861540
3592246144
3635911802
3487344597
3693953908
3173114474
3364426323
3550982878
3774323670
3560705183
3623753357
3649759628
3708282258
3559870041
3481377613
3605661192
3229021638
3579337479
3136049641
3454959636
3623714688
3813957018
3292176189
3158864083
3799576818
3812543077
3241013638
3353792277
3608959107
3600192136
3651541043
3400553142
3554431542
3751689179
3106468892
3659233822
3543886710
3321602699
3630711229
3777891326
3667466785
3596737015
3400976371
3748935163
3623731210
3747791258
3311391580
3237483147
3408443538
3495390647
3750208336
3552907522
3772674331
3728333675
3271495775
3613463833
3732820144
3790200246
3144618505
3339829564
3247637204
3090650853
3328341985
3262870672
3461956041
3586775044
3763404731
3328202968
3550591097
3339737651
3256961169
3750722676
3620048576
3803101170
3779633445
3473782795
3592616303
3083690613
3421130358
3637404894
3365075321
3257386150
3637394225
3405314470
3212650219
3571548002
3274713965
3280216789
3378835065
3692003647
3634244648
3217363701
3571337262
3742838481
3136003731
3558658404
3593285028
3536768755
3472829484
3780217957
3484586066
3102196028
3559723580
3333753339
3496709273
3280163336
3472593113
3306638579
3743070377
3681403078
3563903766
3242697501
3770225334
3369072300
3741772196
3373082090
3297642912
3805519443
3630315660
3748123866
3784397045
3225822266
3210240252
3804485671
3373356091
3259618066
3808436334
3799578409
3786929106
3178989158
3301592460
3396749014
3667491279
3166586820
3651178818
3719291411
3669747103
3340741299
3767941399
3593185192
3178196409
3815881696
3422693128
3739001019
3368922933
3242904743
3511906760
3788756557
3767573896
3793335096
3472603423
3773181789
3802056008
3418927662
3356773677
3363357731
3309053758
3733523709
3256941587
3779771571
3421435070
3782214441
3564516686
3755407501
3324889605
3732251032
3785936407
3478590838
3271517064
3273717624
3273903663
3474157957
3559735160
3716373243
3808376133
3486728906
3547532141
3724478747
3277022050
3628118339
3253885951
3266223534
3402037855
3375463079
3261481731
3627807848
3662322508
3352809617
3543989049
3773457809
3774665915
3558852799
3751568047
3634209009
3794799992
3145775550
3469187893
3687421920
3571968442
3652092740
3768988730
3714554007
