3595134284
3775441357
3357121032
3323542208
3425744076
3524889413
3709979233
3624912780
3558256619
3138594789
3262559311
3464392570
3348665019
3716633440
3659830085
3203203928
3493176131
3128279930
3425595150
3722688576
3775880991
3634790579
3535868994
3775081142
3709810711
3636650451
3513697564
3455771581
3208033496
3778930697
3307319851
3307901441
3307319851
3478053698
3307319851
3768988730
3782356411
3714554007
3307901441
3792156638
2958335120
3491610173
3805860243
3728365438
3649835052
3478053698
3307319851
3782356411
